ID	PositionX	PositionY	PositionZ	ParticleType	VelocityX	VelocityY	VelocityZ	MaterialType	ContactGroup	SurfaceFlag	RVectorXX	RVectorXY	RVectorXZ	RVectorYX	RVectorYY	RVectorYZ	RVectorZX	RVectorZY	RVectorZZ
1 -0.4375	-0.4375	0.0	2	0	0	0.0	0	0	0	0.0625	0	0	0	0.0625	0	0	0	0.125
2 -0.4375	-0.3125	0.0	2	0	0	0.0	0	0	0	0.0625	0	0	0	0.0625	0	0	0	0.125
3 -0.4375	-0.1875	0.0	2	0	0	0.0	0	0	0	0.0625	0	0	0	0.0625	0	0	0	0.125
4 -0.4375	-0.0625	0.0	2	0	0	0.0	0	0	2	0.0625	0	0	0	0.0625	0	0	0	0.125
5 -0.4375	0.0625	0.0	2	0	0	0.0	1	1	2	0.0625	0	0	0	0.0625	0	0	0	0.125
6 -0.4375	0.1875	0.0	2	0	0	0.0	1	1	0	0.0625	0	0	0	0.0625	0	0	0	0.125
7 -0.4375	0.3125	0.0	2	0	0	0.0	1	1	0	0.0625	0	0	0	0.0625	0	0	0	0.125
8 -0.4375	0.4375	0.0	2	0	0	0.0	1	1	0	0.0625	0	0	0	0.0625	0	0	0	0.125
9 -0.3125	-0.4375	0.0	2	0	0	0.0	0	0	0	0.0625	0	0	0	0.0625	0	0	0	0.125
10 -0.3125	-0.3125	0.0	2	0	0	0.0	0	0	0	0.0625	0	0	0	0.0625	0	0	0	0.125
11 -0.3125	-0.1875	0.0	2	0	0	0.0	0	0	0	0.0625	0	0	0	0.0625	0	0	0	0.125
12 -0.3125	-0.0625	0.0	2	0	0	0.0	0	0	2	0.0625	0	0	0	0.0625	0	0	0	0.125
13 -0.3125	0.0625	0.0	2	0	0	0.0	1	1	2	0.0625	0	0	0	0.0625	0	0	0	0.125
14 -0.3125	0.1875	0.0	2	0	0	0.0	1	1	0	0.0625	0	0	0	0.0625	0	0	0	0.125
15 -0.3125	0.3125	0.0	2	0	0	0.0	1	1	0	0.0625	0	0	0	0.0625	0	0	0	0.125
16 -0.3125	0.4375	0.0	2	0	0	0.0	1	1	0	0.0625	0	0	0	0.0625	0	0	0	0.125
17 -0.1875	-0.4375	0.0	2	0	0	0.0	0	0	0	0.0625	0	0	0	0.0625	0	0	0	0.125
18 -0.1875	-0.3125	0.0	2	0	0	0.0	0	0	0	0.0625	0	0	0	0.0625	0	0	0	0.125
19 -0.1875	-0.1875	0.0	2	0	0	0.0	0	0	0	0.0625	0	0	0	0.0625	0	0	0	0.125
20 -0.1875	-0.0625	0.0	2	0	0	0.0	0	0	2	0.0625	0	0	0	0.0625	0	0	0	0.125
21 -0.1875	0.0625	0.0	2	0	0	0.0	1	1	2	0.0625	0	0	0	0.0625	0	0	0	0.125
22 -0.1875	0.1875	0.0	2	0	0	0.0	1	1	0	0.0625	0	0	0	0.0625	0	0	0	0.125
23 -0.1875	0.3125	0.0	2	0	0	0.0	1	1	0	0.0625	0	0	0	0.0625	0	0	0	0.125
24 -0.1875	0.4375	0.0	2	0	0	0.0	1	1	0	0.0625	0	0	0	0.0625	0	0	0	0.125
25 -0.0625	-0.4375	0.0	2	0	0	0.0	0	0	0	0.0625	0	0	0	0.0625	0	0	0	0.125
26 -0.0625	-0.3125	0.0	2	0	0	0.0	0	0	0	0.0625	0	0	0	0.0625	0	0	0	0.125
27 -0.0625	-0.1875	0.0	2	0	0	0.0	0	0	0	0.0625	0	0	0	0.0625	0	0	0	0.125
28 -0.0625	-0.0625	0.0	2	0	0	0.0	0	0	2	0.0625	0	0	0	0.0625	0	0	0	0.125
29 -0.0625	0.0625	0.0	2	0	0	0.0	1	1	2	0.0625	0	0	0	0.0625	0	0	0	0.125
30 -0.0625	0.1875	0.0	2	0	0	0.0	1	1	0	0.0625	0	0	0	0.0625	0	0	0	0.125
31 -0.0625	0.3125	0.0	2	0	0	0.0	1	1	0	0.0625	0	0	0	0.0625	0	0	0	0.125
32 -0.0625	0.4375	0.0	2	0	0	0.0	1	1	0	0.0625	0	0	0	0.0625	0	0	0	0.125
33 0.0625	-0.4375	0.0	2	0	0	0.0	0	0	0	0.0625	0	0	0	0.0625	0	0	0	0.125
34 0.0625	-0.3125	0.0	2	0	0	0.0	0	0	0	0.0625	0	0	0	0.0625	0	0	0	0.125
35 0.0625	-0.1875	0.0	2	0	0	0.0	0	0	0	0.0625	0	0	0	0.0625	0	0	0	0.125
36 0.0625	-0.0625	0.0	2	0	0	0.0	0	0	2	0.0625	0	0	0	0.0625	0	0	0	0.125
37 0.0625	0.0625	0.0	2	0	0	0.0	1	1	2	0.0625	0	0	0	0.0625	0	0	0	0.125
38 0.0625	0.1875	0.0	2	0	0	0.0	1	1	0	0.0625	0	0	0	0.0625	0	0	0	0.125
39 0.0625	0.3125	0.0	2	0	0	0.0	1	1	0	0.0625	0	0	0	0.0625	0	0	0	0.125
40 0.0625	0.4375	0.0	2	0	0	0.0	1	1	0	0.0625	0	0	0	0.0625	0	0	0	0.125
41 0.1875	-0.4375	0.0	2	0	0	0.0	0	0	0	0.0625	0	0	0	0.0625	0	0	0	0.125
42 0.1875	-0.3125	0.0	2	0	0	0.0	0	0	0	0.0625	0	0	0	0.0625	0	0	0	0.125
43 0.1875	-0.1875	0.0	2	0	0	0.0	0	0	0	0.0625	0	0	0	0.0625	0	0	0	0.125
44 0.1875	-0.0625	0.0	2	0	0	0.0	0	0	2	0.0625	0	0	0	0.0625	0	0	0	0.125
45 0.1875	0.0625	0.0	2	0	0	0.0	1	1	2	0.0625	0	0	0	0.0625	0	0	0	0.125
46 0.1875	0.1875	0.0	2	0	0	0.0	1	1	0	0.0625	0	0	0	0.0625	0	0	0	0.125
47 0.1875	0.3125	0.0	2	0	0	0.0	1	1	0	0.0625	0	0	0	0.0625	0	0	0	0.125
48 0.1875	0.4375	0.0	2	0	0	0.0	1	1	0	0.0625	0	0	0	0.0625	0	0	0	0.125
49 0.3125	-0.4375	0.0	2	0	0	0.0	0	0	0	0.0625	0	0	0	0.0625	0	0	0	0.125
50 0.3125	-0.3125	0.0	2	0	0	0.0	0	0	0	0.0625	0	0	0	0.0625	0	0	0	0.125
51 0.3125	-0.1875	0.0	2	0	0	0.0	0	0	0	0.0625	0	0	0	0.0625	0	0	0	0.125
52 0.3125	-0.0625	0.0	2	0	0	0.0	0	0	2	0.0625	0	0	0	0.0625	0	0	0	0.125
53 0.3125	0.0625	0.0	2	0	0	0.0	1	1	2	0.0625	0	0	0	0.0625	0	0	0	0.125
54 0.3125	0.1875	0.0	2	0	0	0.0	1	1	0	0.0625	0	0	0	0.0625	0	0	0	0.125
55 0.3125	0.3125	0.0	2	0	0	0.0	1	1	0	0.0625	0	0	0	0.0625	0	0	0	0.125
56 0.3125	0.4375	0.0	2	0	0	0.0	1	1	0	0.0625	0	0	0	0.0625	0	0	0	0.125
57 0.4375	-0.4375	0.0	2	0	0	0.0	0	0	0	0.0625	0	0	0	0.0625	0	0	0	0.125
58 0.4375	-0.3125	0.0	2	0	0	0.0	0	0	0	0.0625	0	0	0	0.0625	0	0	0	0.125
59 0.4375	-0.1875	0.0	2	0	0	0.0	0	0	0	0.0625	0	0	0	0.0625	0	0	0	0.125
60 0.4375	-0.0625	0.0	2	0	0	0.0	0	0	2	0.0625	0	0	0	0.0625	0	0	0	0.125
61 0.4375	0.0625	0.0	2	0	0	0.0	1	1	2	0.0625	0	0	0	0.0625	0	0	0	0.125
62 0.4375	0.1875	0.0	2	0	0	0.0	1	1	0	0.0625	0	0	0	0.0625	0	0	0	0.125
63 0.4375	0.3125	0.0	2	0	0	0.0	1	1	0	0.0625	0	0	0	0.0625	0	0	0	0.125
64 0.4375	0.4375	0.0	2	0	0	0.0	1	1	0	0.0625	0	0	0	0.0625	0	0	0	0.125
